0 0
1 1
2 2.65359e-06
3 -1
4 -5.30718e-06
5 1
6 0


0 0
1 0.901656
2 2.39262e-06
3 -0.901656
4 -4.78525e-06
5 0.901656
6 0


0 0
1 0.625966
2 1.66106e-06
3 -0.625966
4 -3.32211e-06
5 0.625966
6 0


0 0
1 0.227156
2 6.02779e-07
3 -0.227156
4 -1.20556e-06
5 0.227156
6 0


0 -0
1 -0.216333
2 -5.74059e-07
3 0.216333
4 1.14812e-06
5 -0.216333
6 -0


0 -0
1 -0.617272
2 -1.63799e-06
3 0.617272
4 3.27597e-06
5 -0.617272
6 -0


0 -0
1 -0.8968
2 -2.37974e-06
3 0.8968
4 4.75948e-06
5 -0.8968
6 -0


0 -0
1 -0.999938
2 -2.65343e-06
3 0.999938
4 5.30685e-06
5 -0.999938
6 -0


0 -0
1 -0.9064
2 -2.40521e-06
3 0.9064
4 4.81043e-06
5 -0.9064
6 -0


0 -0
1 -0.634583
2 -1.68392e-06
3 0.634583
4 3.36785e-06
5 -0.634583
6 -0


0 -0
1 -0.237951
2 -6.31425e-07
3 0.237951
4 1.26285e-06
5 -0.237951
6 -0


0 0
1 0.205483
2 5.45268e-07
3 -0.205483
4 -1.09054e-06
5 0.205483
6 0


0 0
1 0.608501
2 1.61471e-06
3 -0.608501
4 -3.22943e-06
5 0.608501
6 0


0 0
1 0.891834
2 2.36656e-06
3 -0.891834
4 -4.73312e-06
5 0.891834
6 0


0 0
1 0.999754
2 2.65294e-06
3 -0.999754
4 -5.30587e-06
5 0.999754
6 0


0 0
1 0.911033
2 2.41751e-06
3 -0.911033
4 -4.83502e-06
5 0.911033
6 0


0 0
1 0.643122
2 1.70658e-06
3 -0.643122
4 -3.41317e-06
5 0.643122
6 0


0 0
1 0.248717
2 6.59993e-07
3 -0.248717
4 -1.31999e-06
5 0.248717
6 0


0 -0
1 -0.194608
2 -5.1641e-07
3 0.194608
4 1.03282e-06
5 -0.194608
6 -0


0 -0
1 -0.599656
2 -1.59124e-06
3 0.599656
4 3.18248e-06
5 -0.599656
6 -0


0 -0
1 -0.886758
2 -2.35309e-06
3 0.886758
4 4.70619e-06
5 -0.886758
6 -0


0 -0
1 -0.999446
2 -2.65212e-06
3 0.999446
4 5.30424e-06
5 -0.999446
6 -0


0 -0
1 -0.915553
2 -2.4295e-06
3 0.915553
4 4.85901e-06
5 -0.915553
6 -0


0 -0
1 -0.651582
2 -1.72903e-06
3 0.651582
4 3.45806e-06
5 -0.651582
6 -0


0 -0
1 -0.259452
2 -6.8848e-07
3 0.259452
4 1.37696e-06
5 -0.259452
6 -0


0 0
1 0.183709
2 4.87488e-07
3 -0.183709
4 -9.74976e-07
5 0.183709
6 0


0 0
1 0.590737
2 1.56757e-06
3 -0.590737
4 -3.13515e-06
5 0.590737
6 0


0 0
1 0.881573
2 2.33933e-06
3 -0.881573
4 -4.67867e-06
5 0.881573
6 0


0 0
1 0.999015
2 2.65097e-06
3 -0.999015
4 -5.30195e-06
5 0.999015
6 0


0 0
1 0.919961
2 2.4412e-06
3 -0.919961
4 -4.8824e-06
5 0.919961
6 0


0 0
1 0.659962
2 1.75127e-06
3 -0.659962
4 -3.50254e-06
5 0.659962
6 0


0 0
1 0.270156
2 7.16882e-07
3 -0.270156
4 -1.43376e-06
5 0.270156
6 0


0 -0
1 -0.172787
2 -4.58506e-07
3 0.172787
4 9.17012e-07
5 -0.172787
6 -0


0 -0
1 -0.581745
2 -1.54371e-06
3 0.581745
4 3.08742e-06
5 -0.581745
6 -0


0 -0
1 -0.87628
2 -2.32529e-06
3 0.87628
4 4.65057e-06
5 -0.87628
6 -0


0 -0
1 -0.99846
2 -2.6495e-06
3 0.99846
4 5.29901e-06
5 -0.99846
6 -0


0 -0
1 -0.924255
2 -2.45259e-06
3 0.924255
4 4.90519e-06
5 -0.924255
6 -0


0 -0
1 -0.66826
2 -1.77329e-06
3 0.66826
4 3.54658e-06
5 -0.66826
6 -0


0 -0
1 -0.280826
2 -7.45196e-07
3 0.280826
4 1.49039e-06
5 -0.280826
6 -0


0 0
1 0.161844
2 4.29468e-07
3 -0.161844
4 -8.58935e-07
5 0.161844
6 0


0 0
1 0.572681
2 1.51966e-06
3 -0.572681
4 -3.03932e-06
5 0.572681
6 0


0 0
1 0.870878
2 2.31095e-06
3 -0.870878
4 -4.62191e-06
5 0.870878
6 0


0 0
1 0.997783
2 2.64771e-06
3 -0.997783
4 -5.29541e-06
5 0.997783
6 0


0 0
1 0.928436
2 2.46369e-06
3 -0.928436
4 -4.92738e-06
5 0.928436
6 0


0 0
1 0.676476
2 1.79509e-06
3 -0.676476
4 -3.59018e-06
5 0.676476
6 0


0 0
1 0.291461
2 7.73418e-07
3 -0.291461
4 -1.54684e-06
5 0.291461
6 0


0 -0
1 -0.150881
2 -4.00376e-07
3 0.150881
4 8.00753e-07
5 -0.150881
6 -0


0 -0
1 -0.563547
2 -1.49542e-06
3 0.563547
4 2.99084e-06
5 -0.563547
6 -0


0 -0
1 -0.865369
2 -2.29633e-06
3 0.865369
4 4.59267e-06
5 -0.865369
6 -0


0 -0
1 -0.996983
2 -2.64558e-06
3 0.996983
4 5.29117e-06
5 -0.996983
6 -0


0 -0
1 -0.932502
2 -2.47448e-06
3 0.932502
4 4.94896e-06
5 -0.932502
6 -0


0 -0
1 -0.684609
2 -1.81667e-06
3 0.684609
4 3.63334e-06
5 -0.684609
6 -0


0 -0
1 -0.30206
2 -8.01545e-07
3 0.30206
4 1.60309e-06
5 -0.30206
6 -0


0 0
1 0.1399
2 3.71236e-07
3 -0.1399
4 -7.42472e-07
5 0.1399
6 0


0 0
1 0.554343
2 1.471e-06
3 -0.554343
4 -2.942e-06
5 0.554343
6 0


0 0
1 0.859753
2 2.28143e-06
3 -0.859753
4 -4.56287e-06
5 0.859753
6 0


0 0
1 0.99606
2 2.64314e-06
3 -0.99606
4 -5.28627e-06
5 0.99606
6 0


0 0
1 0.936453
2 2.48496e-06
3 -0.936453
4 -4.96993e-06
5 0.936453
6 0


0 0
1 0.692657
2 1.83803e-06
3 -0.692657
4 -3.67605e-06
5 0.692657
6 0


0 0
1 0.312623
2 8.29573e-07
3 -0.312623
4 -1.65915e-06
5 0.312623
6 0


0 -0
1 -0.128901
2 -3.4205e-07
3 0.128901
4 6.84099e-07
5 -0.128901
6 -0


0 -0
1 -0.545071
2 -1.44639e-06
3 0.545071
4 2.89279e-06
5 -0.545071
6 -0


0 -0
1 -0.854032
2 -2.26625e-06
3 0.854032
4 4.5325e-06
5 -0.854032
6 -0


0 -0
1 -0.995015
2 -2.64036e-06
3 0.995015
4 5.28072e-06
5 -0.995015
6 -0


0 -0
1 -0.940289
2 -2.49514e-06
3 0.940289
4 4.99028e-06
5 -0.940289
6 -0


0 -0
1 -0.70062
2 -1.85916e-06
3 0.70062
4 3.71832e-06
5 -0.70062
6 -0


0 -0
1 -0.323146
2 -8.57498e-07
3 0.323146
4 1.715e-06
5 -0.323146
6 -0


0 0
1 0.117886
2 3.12821e-07
3 -0.117886
4 -6.25642e-07
5 0.117886
6 0


0 0
1 0.535732
2 1.42161e-06
3 -0.535732
4 -2.84322e-06
5 0.535732
6 0


0 0
1 0.848205
2 2.25079e-06
3 -0.848205
4 -4.50158e-06
5 0.848205
6 0


0 0
1 0.993846
2 2.63726e-06
3 -0.993846
4 -5.27452e-06
5 0.993846
6 0


