0 0
1 0.781831
2 0.974928
3 0.433886
4 -0.433881
5 -0.974927
6 -0.781834
7 -5.30718e-06


0 0
1 0.781831
2 0.974928
3 0.433886
4 -0.433881
5 -0.974927
6 -0.781834
7 -5.30718e-06


0 0
1 0.781831
2 0.974928
3 0.433886
4 -0.433881
5 -0.974927
6 -0.781834
7 -5.30718e-06


0 0
1 0.781831
2 0.974928
3 0.433886
4 -0.433881
5 -0.974927
6 -0.781834
7 -5.30718e-06


0 0
1 0.781831
2 0.974928
3 0.433886
4 -0.433881
5 -0.974927
6 -0.781834
7 -5.30718e-06


0 0
1 0.781831
2 0.974928
3 0.433886
4 -0.433881
5 -0.974927
6 -0.781834
7 -5.30718e-06


0 0
1 0.781831
2 0.974928
3 0.433886
4 -0.433881
5 -0.974927
6 -0.781834
7 -5.30718e-06


0 0
1 0.781831
2 0.974928
3 0.433886
4 -0.433881
5 -0.974927
6 -0.781834
7 -5.30718e-06


0 0
1 0.781831
2 0.974928
3 0.433886
4 -0.433881
5 -0.974927
6 -0.781834
7 -5.30718e-06


0 0
1 0.781831
2 0.974928
3 0.433886
4 -0.433881
5 -0.974927
6 -0.781834
7 -5.30718e-06


